0 100 0
0 100 0
0 100 0
0 100 0
0 100 0
0 100 0
0 100 0
-0 100 0
-0 100 0
-0 100 0
-0 100 0
-0 100 0
-0 100 -0
-0 100 -0
-0 100 -0
-0 100 -0
-0 100 -0
0 100 -0
0 100 -0
0 100 -0
0 100 -0
0 100 -0
15.6434 98.7688 0
14.8778 98.7688 4.83409
12.6558 98.7688 9.19499
9.19499 98.7688 12.6558
4.83409 98.7688 14.8778
4.91074e-006 98.7688 15.6434
-4.83409 98.7688 14.8778
-9.19498 98.7688 12.6558
-12.6558 98.7688 9.19499
-14.8778 98.7688 4.8341
-15.6434 98.7688 9.82147e-006
-14.8778 98.7688 -4.83408
-12.6558 98.7688 -9.19498
-9.195 98.7688 -12.6558
-4.8341 98.7688 -14.8778
-1.47322e-005 98.7688 -15.6434
4.83408 98.7688 -14.8778
9.19498 98.7688 -12.6558
12.6558 98.7688 -9.195
14.8778 98.7688 -4.8341
15.6434 98.7688 -1.96429e-005
30.9017 95.1057 0
29.3893 95.1057 9.54915
25 95.1057 18.1636
18.1636 95.1057 25
9.54916 95.1057 29.3893
9.70055e-006 95.1057 30.9017
-9.54914 95.1057 29.3893
-18.1636 95.1057 25
-25 95.1057 18.1636
-29.3893 95.1057 9.54916
-30.9017 95.1057 1.94011e-005
-29.3893 95.1057 -9.54913
-25 95.1057 -18.1635
-18.1636 95.1057 -25
-9.54917 95.1057 -29.3893
-2.91017e-005 95.1057 -30.9017
9.54913 95.1057 -29.3893
18.1635 95.1057 -25
25 95.1057 -18.1636
29.3892 95.1057 -9.54918
30.9017 95.1057 -3.88022e-005
45.399 89.1007 0
43.1771 89.1007 14.0291
36.7286 89.1007 26.6849
26.6849 89.1007 36.7286
14.0291 89.1007 43.1771
1.42515e-005 89.1007 45.399
-14.0291 89.1007 43.1771
-26.6849 89.1007 36.7286
-36.7286 89.1007 26.6849
-43.177 89.1007 14.0291
-45.399 89.1007 2.8503e-005
-43.1771 89.1007 -14.0291
-36.7286 89.1007 -26.6849
-26.6849 89.1007 -36.7286
-14.0291 89.1007 -43.177
-4.27545e-005 89.1007 -45.399
14.029 89.1007 -43.1771
26.6849 89.1007 -36.7286
36.7286 89.1007 -26.6849
43.177 89.1007 -14.0291
45.399 89.1007 -5.7006e-005
58.7785 80.9017 0
55.9017 80.9017 18.1636
47.5528 80.9017 34.5491
34.5492 80.9017 47.5528
18.1636 80.9017 55.9017
1.84515e-005 80.9017 58.7785
-18.1635 80.9017 55.9017
-34.5491 80.9017 47.5528
-47.5528 80.9017 34.5492
-55.9017 80.9017 18.1636
-58.7785 80.9017 3.69031e-005
-55.9017 80.9017 -18.1635
-47.5528 80.9017 -34.5491
-34.5492 80.9017 -47.5528
-18.1636 80.9017 -55.9017
-5.53546e-005 80.9017 -58.7785
18.1635 80.9017 -55.9017
34.5491 80.9017 -47.5528
47.5528 80.9017 -34.5492
55.9017 80.9017 -18.1636
58.7785 80.9017 -7.38062e-005
70.7107 70.7107 0
67.2498 70.7107 21.8508
57.2061 70.7107 41.5627
41.5627 70.7107 57.2061
21.8508 70.7107 67.2498
2.21972e-005 70.7107 70.7107
-21.8508 70.7107 67.2498
-41.5627 70.7107 57.2061
-57.2061 70.7107 41.5627
-67.2498 70.7107 21.8508
-70.7107 70.7107 4.43945e-005
-67.2498 70.7107 -21.8508
-57.2062 70.7107 -41.5626
-41.5627 70.7107 -57.2061
-21.8508 70.7107 -67.2498
-6.65917e-005 70.7107 -70.7107
21.8507 70.7107 -67.2499
41.5626 70.7107 -57.2062
57.2061 70.7107 -41.5627
67.2498 70.7107 -21.8509
70.7107 70.7107 -8.8789e-005
80.9017 58.7785 0
76.9421 58.7785 25
65.4508 58.7785 47.5528
47.5528 58.7785 65.4508
25 58.7785 76.9421
2.53964e-005 58.7785 80.9017
-25 58.7785 76.9421
-47.5528 58.7785 65.4509
-65.4508 58.7785 47.5528
-76.9421 58.7785 25
-80.9017 58.7785 5.07927e-005
-76.9421 58.7785 -25
-65.4509 58.7785 -47.5528
-47.5529 58.7785 -65.4508
-25 58.7785 -76.9421
-7.61891e-005 58.7785 -80.9017
24.9999 58.7785 -76.9421
47.5528 58.7785 -65.4509
65.4508 58.7785 -47.5529
76.9421 58.7785 -25.0001
80.9017 58.7785 -0.000101585
89.1006 45.3991 0
84.7398 45.3991 27.5336
72.0839 45.3991 52.372
52.3721 45.3991 72.0839
27.5336 45.3991 84.7397
2.79702e-005 45.3991 89.1006
-27.5336 45.3991 84.7398
-52.372 45.3991 72.084
-72.0839 45.3991 52.3721
-84.7397 45.3991 27.5337
-89.1006 45.3991 5.59403e-005
-84.7398 45.3991 -27.5336
-72.084 45.3991 -52.372
-52.3721 45.3991 -72.0839
-27.5337 45.3991 -84.7397
-8.39105e-005 45.3991 -89.1006
27.5335 45.3991 -84.7398
52.372 45.3991 -72.084
72.0839 45.3991 -52.3721
84.7397 45.3991 -27.5337
89.1006 45.3991 -0.000111881
95.1057 30.9017 0
90.4509 30.9017 29.3893
76.9421 30.9017 55.9017
55.9017 30.9017 76.9421
29.3893 30.9017 90.4508
2.98552e-005 30.9017 95.1057
-29.3892 30.9017 90.4509
-55.9017 30.9017 76.9421
-76.9421 30.9017 55.9017
-90.4508 30.9017 29.3893
-95.1057 30.9017 5.97105e-005
-90.4509 30.9017 -29.3892
-76.9421 30.9017 -55.9017
-55.9018 30.9017 -76.942
-29.3893 30.9017 -90.4508
-8.95657e-005 30.9017 -95.1057
29.3892 30.9017 -90.4509
55.9016 30.9017 -76.9421
76.942 30.9017 -55.9018
90.4508 30.9017 -29.3893
95.1057 30.9017 -0.000119421
98.7688 15.6435 0
93.9347 15.6435 30.5212
79.9057 15.6435 58.0549
58.0549 15.6435 79.9056
30.5213 15.6435 93.9347
3.10052e-005 15.6435 98.7688
-30.5212 15.6435 93.9347
-58.0548 15.6435 79.9057
-79.9056 15.6435 58.0549
-93.9347 15.6435 30.5213
-98.7688 15.6435 6.20103e-005
-93.9348 15.6435 -30.5212
-79.9057 15.6435 -58.0548
-58.0549 15.6435 -79.9056
-30.5213 15.6435 -93.9347
-9.30155e-005 15.6435 -98.7688
30.5212 15.6435 -93.9348
58.0548 15.6435 -79.9057
79.9056 15.6435 -58.0549
93.9347 15.6435 -30.5213
98.7688 15.6435 -0.000124021
100 3.13916e-005 0
95.1057 3.13916e-005 30.9017
80.9017 3.13916e-005 58.7785
58.7785 3.13916e-005 80.9017
30.9017 3.13916e-005 95.1057
3.13916e-005 3.13916e-005 100
-30.9017 3.13916e-005 95.1057
-58.7785 3.13916e-005 80.9017
-80.9017 3.13916e-005 58.7786
-95.1056 3.13916e-005 30.9017
-100 3.13916e-005 6.27833e-005
-95.1057 3.13916e-005 -30.9017
-80.9017 3.13916e-005 -58.7785
-58.7786 3.13916e-005 -80.9017
-30.9018 3.13916e-005 -95.1056
-9.41749e-005 3.13916e-005 -100
30.9016 3.13916e-005 -95.1057
58.7785 3.13916e-005 -80.9017
80.9016 3.13916e-005 -58.7786
95.1056 3.13916e-005 -30.9018
100 3.13916e-005 -0.000125567
98.7688 -15.6434 0
93.9347 -15.6434 30.5212
79.9057 -15.6434 58.0549
58.0549 -15.6434 79.9057
30.5213 -15.6434 93.9347
3.10052e-005 -15.6434 98.7688
-30.5212 -15.6434 93.9348
-58.0548 -15.6434 79.9057
-79.9056 -15.6434 58.0549
-93.9347 -15.6434 30.5213
-98.7688 -15.6434 6.20103e-005
-93.9348 -15.6434 -30.5212
-79.9057 -15.6434 -58.0548
-58.0549 -15.6434 -79.9056
-30.5213 -15.6434 -93.9347
-9.30155e-005 -15.6434 -98.7688
30.5212 -15.6434 -93.9348
58.0548 -15.6434 -79.9057
79.9056 -15.6434 -58.0549
93.9347 -15.6434 -30.5213
98.7688 -15.6434 -0.000124021
95.1057 -30.9017 0
90.4509 -30.9017 29.3893
76.9421 -30.9017 55.9017
55.9017 -30.9017 76.9421
29.3893 -30.9017 90.4509
2.98552e-005 -30.9017 95.1057
-29.3892 -30.9017 90.4509
-55.9017 -30.9017 76.9421
-76.9421 -30.9017 55.9017
-90.4508 -30.9017 29.3893
-95.1057 -30.9017 5.97105e-005
-90.4509 -30.9017 -29.3892
-76.9421 -30.9017 -55.9017
-55.9018 -30.9017 -76.9421
-29.3893 -30.9017 -90.4508
-8.95657e-005 -30.9017 -95.1057
29.3892 -30.9017 -90.4509
55.9017 -30.9017 -76.9421
76.942 -30.9017 -55.9018
90.4508 -30.9017 -29.3893
95.1057 -30.9017 -0.000119421
89.1007 -45.399 0
84.7398 -45.399 27.5336
72.084 -45.399 52.3721
52.3721 -45.399 72.0839
27.5336 -45.399 84.7398
2.79702e-005 -45.399 89.1007
-27.5336 -45.399 84.7398
-52.372 -45.399 72.084
-72.0839 -45.399 52.3721
-84.7398 -45.399 27.5337
-89.1007 -45.399 5.59403e-005
-84.7398 -45.399 -27.5336
-72.084 -45.399 -52.372
-52.3721 -45.399 -72.0839
-27.5337 -45.399 -84.7398
-8.39105e-005 -45.399 -89.1007
27.5336 -45.399 -84.7398
52.372 -45.399 -72.084
72.0839 -45.399 -52.3721
84.7397 -45.399 -27.5337
89.1007 -45.399 -0.000111881
80.9017 -58.7785 0
76.9421 -58.7785 25
65.4509 -58.7785 47.5528
47.5528 -58.7785 65.4509
25 -58.7785 76.9421
2.53964e-005 -58.7785 80.9017
-25 -58.7785 76.9421
-47.5528 -58.7785 65.4509
-65.4508 -58.7785 47.5529
-76.9421 -58.7785 25
-80.9017 -58.7785 5.07928e-005
-76.9421 -58.7785 -25
-65.4509 -58.7785 -47.5528
-47.5529 -58.7785 -65.4508
-25.0001 -58.7785 -76.9421
-7.61891e-005 -58.7785 -80.9017
24.9999 -58.7785 -76.9421
47.5528 -58.7785 -65.4509
65.4508 -58.7785 -47.5529
76.9421 -58.7785 -25.0001
80.9017 -58.7785 -0.000101586
70.7107 -70.7106 0
67.2499 -70.7106 21.8508
57.2062 -70.7106 41.5627
41.5627 -70.7106 57.2062
21.8508 -70.7106 67.2499
2.21973e-005 -70.7106 70.7107
-21.8508 -70.7106 67.2499
-41.5627 -70.7106 57.2062
-57.2062 -70.7106 41.5627
-67.2499 -70.7106 21.8508
-70.7107 -70.7106 4.43945e-005
-67.2499 -70.7106 -21.8508
-57.2062 -70.7106 -41.5627
-41.5628 -70.7106 -57.2061
-21.8509 -70.7106 -67.2499
-6.65918e-005 -70.7106 -70.7107
21.8508 -70.7106 -67.2499
41.5627 -70.7106 -57.2062
57.2061 -70.7106 -41.5628
67.2499 -70.7106 -21.8509
70.7107 -70.7106 -8.8789e-005
58.7786 -80.9017 0
55.9017 -80.9017 18.1636
47.5529 -80.9017 34.5492
34.5492 -80.9017 47.5528
18.1636 -80.9017 55.9017
1.84516e-005 -80.9017 58.7786
-18.1636 -80.9017 55.9017
-34.5492 -80.9017 47.5529
-47.5528 -80.9017 34.5492
-55.9017 -80.9017 18.1636
-58.7786 -80.9017 3.69031e-005
-55.9017 -80.9017 -18.1635
-47.5529 -80.9017 -34.5491
-34.5492 -80.9017 -47.5528
-18.1636 -80.9017 -55.9017
-5.53547e-005 -80.9017 -58.7786
18.1635 -80.9017 -55.9017
34.5491 -80.9017 -47.5529
47.5528 -80.9017 -34.5492
55.9017 -80.9017 -18.1636
58.7786 -80.9017 -7.38062e-005
45.3991 -89.1006 0
43.1771 -89.1006 14.0291
36.7286 -89.1006 26.6849
26.6849 -89.1006 36.7286
14.0291 -89.1006 43.1771
1.42515e-005 -89.1006 45.3991
-14.0291 -89.1006 43.1771
-26.6849 -89.1006 36.7286
-36.7286 -89.1006 26.6849
-43.1771 -89.1006 14.0291
-45.3991 -89.1006 2.8503e-005
-43.1771 -89.1006 -14.0291
-36.7286 -89.1006 -26.6849
-26.6849 -89.1006 -36.7286
-14.0291 -89.1006 -43.1771
-4.27546e-005 -89.1006 -45.3991
14.0291 -89.1006 -43.1771
26.6849 -89.1006 -36.7286
36.7286 -89.1006 -26.6849
43.1771 -89.1006 -14.0291
45.3991 -89.1006 -5.70061e-005
30.9017 -95.1056 0
29.3893 -95.1056 9.54916
25 -95.1056 18.1636
18.1636 -95.1056 25
9.54917 -95.1056 29.3893
9.70057e-006 -95.1056 30.9017
-9.54916 -95.1056 29.3893
-18.1636 -95.1056 25
-25 -95.1056 18.1636
-29.3893 -95.1056 9.54918
-30.9017 -95.1056 1.94011e-005
-29.3893 -95.1056 -9.54915
-25.0001 -95.1056 -18.1636
-18.1636 -95.1056 -25
-9.54918 -95.1056 -29.3893
-2.91017e-005 -95.1056 -30.9017
9.54914 -95.1056 -29.3893
18.1636 -95.1056 -25.0001
25 -95.1056 -18.1636
29.3893 -95.1056 -9.54919
30.9017 -95.1056 -3.88023e-005
15.6435 -98.7688 0
14.8778 -98.7688 4.8341
12.6559 -98.7688 9.19501
9.19501 -98.7688 12.6558
4.83411 -98.7688 14.8778
4.91075e-006 -98.7688 15.6435
-4.8341 -98.7688 14.8778
-9.19501 -98.7688 12.6559
-12.6558 -98.7688 9.19502
-14.8778 -98.7688 4.83411
-15.6435 -98.7688 9.8215e-006
-14.8778 -98.7688 -4.8341
-12.6559 -98.7688 -9.19501
-9.19502 -98.7688 -12.6558
-4.83411 -98.7688 -14.8778
-1.47322e-005 -98.7688 -15.6435
4.83409 -98.7688 -14.8778
9.195 -98.7688 -12.6559
12.6558 -98.7688 -9.19503
14.8778 -98.7688 -4.83412
15.6435 -98.7688 -1.9643e-005
0 -100 0
